-6.923241645991933702e+00 -1.066953196558979400e+01
-8.630620334313643838e+00 -7.139405637652339820e+00
-9.630480689769235880e+00 -2.720449354986967272e+00
-2.306476594203427766e+00 5.307976760491872170e+00
-7.570053657727669361e+00 -3.014464905456412769e+00
-1.000510109848309348e+00 2.779051528226903933e+00
-4.818268385973805579e+00 -2.772148223435086933e+00
-5.339647992855507397e+00 -1.276257644021504101e+00
-7.943088401134986043e+00 -3.899939010564856812e+00
-5.549245254367849434e+00 -3.412989678624255951e+00
-5.145089897229651044e+00 -9.544921980678077844e+00
-7.096699356356530153e+00 -8.040740362209849224e+00
-5.826415121664894947e+00 -1.963461960474790935e+00
-1.831988113498955295e+00 3.528631450921789536e+00
-7.342672348933137805e+00 -3.165464821844776733e+00
-7.340728246218882092e+00 -6.924272518973348056e+00
-7.946539060795656972e+00 -3.367686547190822388e+00
-8.245985356429562430e+00 -8.613158209058626724e+00
-1.981977109962027139e+00 4.022435514174746096e+00
-4.350980346475656901e+00 -3.694766779677642443e+00
-1.047686960243918186e+01 -3.603181388534925755e+00
-1.101959844829440982e+01 -3.158820307762122415e+00
-5.172559039861240215e+00 -4.318359712685473362e+00
-2.406718199699357186e+00 6.098944469870907881e+00
-6.721494975923702597e+00 -2.884408064217881762e+00
-6.589359634363869844e+00 -4.433795479407420359e+00
-1.461260185821749769e+00 4.525498514650620585e+00
-9.190034548522447722e-01 3.452789267035226928e+00
-1.040935166684158375e+01 -2.674820464521483032e+00
-6.367228090988168887e+00 -3.326660724595877028e+00
-6.727661245349279895e+00 -7.145162671548281885e+00
-2.279560749896648808e+00 5.104521902915380771e+00
-5.848875595943766825e+00 -3.039705061997414415e+00
-6.079930511938528070e+00 -7.081975676778154316e+00
-5.266829294846004039e+00 -2.696450548014737159e+00
-6.053675119882830025e+00 -9.629790765144225162e+00
-1.008222053105773064e+01 -4.250710430136708240e+00
-1.187087348128840247e+01 -3.032733429308248407e+00
-5.371073070369657643e+00 -7.956358325373753537e+00
-9.375908999347528194e+00 -4.553153078434052148e+00
-6.634019868157321476e+00 -2.583403556386127065e+00
-9.546096553097859427e+00 -2.849174221059991297e+00
-1.698255415214570574e+00 2.790717514139866573e+00
-5.602176024325103754e+00 -6.599084896160656299e-01
-6.034290220299220131e+00 -4.088211960497224240e+00
-6.372307836118382696e+00 -8.631900461039705874e+00
-1.022647833252326421e+01 -2.339987172800089166e+00
-5.956781476027413369e+00 -3.979057011247293829e+00
-1.427065346769781584e+00 5.089041275707646861e+00
-6.207353040891054885e-01 6.593469515817419691e+00
-3.281027933609277358e-01 4.119182005367142629e+00
-1.062305450511908944e+01 -4.547191614617714706e+00
-9.126742701120859280e+00 -4.461805681638605137e+00
-5.241344969182344826e+00 -3.235058733750398652e+00
-7.199675312953462303e+00 -7.104009813871477341e+00
-1.011369768912549816e+01 -4.128807516024957103e+00
-1.034161321286349455e+01 -4.953517737235720197e+00
-1.250415315632916347e+01 -6.067512469280030629e+00
-9.323316398832233176e+00 -4.675740452777355394e+00
-7.320330019823476420e+00 -2.733500952132815076e+00
-2.205334073931087158e+00 4.207652005954265029e+00
-5.279305184970926046e-01 5.926306685265360308e+00
-8.874300341631165878e+00 -3.648081507119194100e+00
-6.669485453442139722e+00 -4.260598838360166951e+00
-1.373972580694260870e+00 5.291631033113889160e+00
-6.600857078206718853e+00 -3.119696876743180525e+00
-7.991754122866362664e+00 -8.335648510987143212e+00
-6.224478686299447006e+00 -2.438462244886698826e+00
-1.110542500593765425e+01 -3.971066865273346735e+00
-8.957623350499005710e+00 -4.871788585663230364e+00
-6.654616438260894107e+00 -7.293357132827132716e+00
-1.095313776602679035e+01 -3.367438116260589087e+00
-5.113510079104774952e+00 -2.018819920188911432e+00
-7.242514379641289857e+00 -9.663684479711614372e+00
-5.349294557744197043e+00 -3.545773316732582003e+00
-6.292613321500521550e+00 -3.688924258374657761e+00
-7.353879526667554956e+00 -8.545044344432092487e+00
-5.784234728636943323e+00 -4.484068484204371430e+00
-5.662563249318528946e+00 -2.343900922698392897e+00
-8.608933107282833674e+00 -4.614692790516222942e+00
-2.520199057072909365e-01 4.535591448553886629e+00
-1.927447985574535450e+00 4.936845335581347527e+00
-9.413065893175675214e+00 -3.629074303914783695e+00
-8.486082331449638083e-01 5.450931963550420534e+00
-8.667530400291718617e-01 3.782959139163369677e+00
-1.018429149716456728e+01 -4.010173028249051974e+00
-7.931929183434267117e+00 -5.424505473195829097e+00
-2.754471751689561376e+00 4.575872301901829253e+00
-1.171710697827262493e+01 -3.896227551281112422e+00
-8.850812127253618655e+00 -4.003051126521880221e+00
-1.343924958706914197e+00 2.384288653019158488e+00
-8.162036543913099962e+00 -7.314593357395667184e+00
-9.188868143387418641e+00 -2.163593864156933222e+00
-7.132292597186354222e+00 -4.022967302286994062e+00
-4.261030709121937932e-02 4.909230750843065927e+00
-7.244494478309096763e+00 -7.651502995278879560e+00
-8.137846462369383360e+00 -7.658069493423727891e+00
-6.734513453484650469e+00 -1.383301941383602296e+00
-8.963694242977034321e+00 -9.270338797063157443e+00
8.687658008578784674e-01 4.157855091127701463e+00
-5.451769291687276198e-01 3.819965930021568923e+00
-8.016944284363997753e+00 -8.671373657022799719e+00
-3.333755713567451373e+00 5.231519693282147720e+00
-1.143858852794494041e+01 -2.721095476534768576e+00
-2.520876266724561443e+00 5.081201394531134063e+00
-6.843944425958552458e+00 -4.150582220449893001e+00
-5.876197384285145375e+00 -3.280789155770089227e+00
-1.218195462379937588e+00 4.306334635559661450e+00
-2.003413581519595255e+00 4.450086725677408594e+00
-1.010770399381670792e+01 -3.944799601927179822e+00
-7.030458537548547326e+00 -1.237347564565534963e+00
-6.956851366345393473e+00 -8.123810485653280011e+00
-2.330222192237550338e+00 4.784053655164081320e+00
-9.984359827305924640e+00 -4.648042142650431252e+00
-2.330806036785338708e+00 4.393825269924260368e+00
-1.077962418633990183e+01 -4.390857530191786040e+00
-2.034844856038633854e+00 3.767759461388939357e+00
-7.167442445959466113e+00 -3.249983778680281876e+00
-4.992213359547499341e-01 4.775982585218884857e+00
-5.766811435831202814e+00 -3.412817788159051346e+00
-1.069905692991027735e+01 -4.490571571238542781e+00
-7.287296212187647448e+00 -6.683067760798304668e+00
-8.178318286630728906e+00 -8.220638129570899011e+00
-9.144431281697478653e+00 -4.366377857074236424e+00
-7.223235428900379063e+00 -3.512263756364580658e+00
-9.712964392804043001e+00 -3.690881101899936123e+00
-3.190915279961314965e-02 4.744501565417637678e+00
-7.104060439867235566e+00 -8.381982275844256591e+00
-7.524825014498425446e+00 -7.508874438593722722e+00
-6.311613428963609884e+00 -2.976416970346825508e+00
-5.381421977128555412e-01 4.815390406779989085e+00
-9.580410498678238795e+00 -3.168577896347615219e+00
-9.531069236424260183e+00 -2.919661679423703582e+00
-1.076502232998483599e+01 -3.278777840407200994e+00
-9.546589564918502191e+00 -4.648269448548443705e+00
-7.393933732998819508e+00 -6.806122639953547271e+00
-2.991511572465767710e+00 2.645801308444378108e+00
-5.675582536987324289e+00 -4.559022548160357680e+00
-3.517541770395271605e+00 5.642653899295981823e+00
-9.985396183498266298e-01 6.198648077818728730e+00
-5.964979013839093902e+00 -2.037464691290293395e+00
-8.852795074857453983e+00 -7.791380788784477041e+00
-4.643104258815784924e+00 -2.227894218120614944e+00
-1.359389585992692107e+00 4.054240022349643091e+00
-5.257904636130821263e-01 3.306598601529130654e+00
-1.156375092513193481e+00 5.699715751375423523e+00
-6.425300098097033619e+00 -2.173286191076472029e+00
-5.701833046489825918e+00 -2.630838382829303157e+00
-6.046329708889857102e+00 -6.922669904669319862e+00
-8.145592876103245672e+00 -7.427754100142509586e+00
-9.156850945511997963e+00 -4.056235764936742427e+00
-9.161707784218831918e+00 -2.409989436558721110e+00
-1.468644421281053436e+00 6.506745005322003728e+00
-6.746727983979049270e+00 -8.172459738721682854e+00
-1.986059404026703668e+00 3.063814079465725371e+00
-1.032899567358573023e+01 -3.566809402230113335e+00
-9.343132351066401498e+00 -4.004536994970869124e+00
-9.559546156361863112e+00 -2.831020225706112114e+00
-1.016591134339781810e+01 -4.127528891671195410e+00
-9.841448653383018552e+00 -4.143569572448066118e+00
-1.027681022519639242e+01 -2.330499461409203832e+00
-1.010305721616064289e+01 -3.323152876678293843e+00
-9.902287416461843961e+00 -3.031898478703693112e+00
-9.721213198830918500e+00 -4.686620151258517275e+00
-1.851395458310134412e+00 3.518860904758325248e+00
-6.693211892445873445e+00 -6.300218619554666333e+00
-6.533718390201513238e+00 -8.149227262648668813e+00
-8.463695002324215011e+00 -8.071460285818428559e+00
-5.750045280149758575e+00 -3.565909665608376855e+00
-1.171041759411022509e+00 4.330918155822105930e+00
-8.526285788379844632e+00 -8.669576013270066994e+00
-9.238906843555170667e+00 -3.068439732898321282e+00
-6.128030509059692932e+00 -2.516980580274054802e+00
-8.104064505692640807e+00 -7.420204872904966109e+00
-1.615890912770130416e+00 4.180175626329556415e+00
-8.987585326318377810e+00 -3.033330614115441470e+00
-1.194103590932145487e+01 -3.600854182993871611e+00
-1.043994178316627419e+01 -3.629821193761772591e+00
-1.142426792417363401e+01 -2.185388599052178193e+00
-9.009929142269777813e+00 -9.068652472855751157e+00
-6.474356490442798595e+00 -3.743388627664022472e+00
-9.631380489113043453e+00 -4.997937929270996449e+00
5.260155005846418597e-01 3.009993533355023843e+00
-9.763243925323784822e+00 -9.366566230452749053e+00
-6.279655264023050520e+00 -8.818095871591257406e+00
-9.468832758067927458e+00 -6.190435058475674879e+00
-5.773366182553251846e+00 -3.567399533000229273e+00
-6.692425332146296313e+00 -8.301717907683437758e+00
-7.444399699191618147e+00 -9.168031795482715296e+00
-7.114784687058829604e+00 -5.386991339676896473e+00
-3.858039757897429034e-01 6.373591618097895761e+00
-2.004547116103498894e+00 4.175650125707692339e+00
-5.755176277975085242e+00 -9.308210739553409496e+00
-9.141684205581292133e+00 -7.205726937278368993e+00
-5.920925345563741615e+00 -3.275740475671794272e+00
-2.351220657673828818e+00 4.009736341987184538e+00
-5.919078510870565246e+00 -2.239198614044222602e+00
-5.622005255161429460e+00 -8.692909666826537318e+00
-7.542463038314459745e+00 -8.127228110438386111e+00
-2.413957846945172570e+00 5.659358024076449389e+00
-6.371515957997353929e+00 -8.911295433180276504e+00
-1.214017923273046939e+01 -4.783517411385912688e+00
-4.452644906095059696e+00 6.344018682459241276e+00
-5.596988201326770884e+00 -4.195358526530929666e+00
-6.075036217253955151e+00 -2.156064045450952982e+00
-7.248282380977762784e+00 -7.052227901955562928e+00
-4.778911006562106323e+00 -2.413331649934832512e+00
-1.241121550482688818e+01 -5.730914923169192043e+00
-6.752643494644738453e+00 -8.346549745098048589e+00
-5.054921393415961361e+00 -4.222577494532622211e+00
-1.038254475248589159e+01 -2.495240308753684744e+00
-7.225705023497352109e+00 -3.793135790662503393e+00
-1.194981779089833296e+01 -5.355677692816341207e+00
-7.628670918240041843e+00 -8.063541697301454647e+00
-4.617671134403656730e+00 -1.671111446139684320e+00
-5.122196637435978417e+00 -3.313021231262543331e+00
-6.292250724282760110e+00 -2.357382942013979132e+00
2.422711613510042383e-04 5.148534029420496871e+00
-8.799881661931850729e+00 -2.248754375990797527e+00
-2.776870254583797326e+00 4.640905566660253889e+00
-6.396949787558265932e+00 -3.769637033156362005e+00
-6.922630811131420536e+00 -7.639722624635497894e+00
-1.157686878904756611e+01 -4.781976526219610335e+00
-5.668247372033287768e+00 -3.826075086898976352e+00
-1.115788260863537751e+01 -2.603241728681478406e+00
-1.047308537879108314e+01 -3.475738365545647302e+00
-9.981184936347485603e+00 -3.776160827087243987e+00
-1.041020775162226464e+00 3.963317938142523644e+00
-9.328560152872887201e+00 -2.608933087985227495e+00
-1.138983568875148844e+00 3.262148479220019048e+00
-6.179056384691831383e+00 -7.963366455240949549e+00
-1.023565443940528397e+01 -2.798060661274979211e+00
-5.771332562994430759e+00 -8.592225768290322918e+00
-9.145008441927814147e+00 -3.917988450308447224e+00
-1.617346159232926794e+00 4.989305082558983528e+00
-2.778675304508247734e+00 6.362568772546802975e+00
-9.546428487612930169e+00 -5.637408533231441865e+00
-6.914865904929935247e+00 -7.689693782892379481e+00
-1.846129677855868234e+00 4.304743996314016385e+00
-5.528345855636640493e+00 -8.153603113382400736e+00
-6.009153369932297650e+00 -3.349251518004424444e+00
-8.546283243062166690e+00 -4.571385395044783806e+00
-7.316556391289163130e+00 -7.770512930899680981e+00
-7.204233989108660197e+00 -8.881765594048745882e+00
-7.556007321448556802e+00 -8.018854988584291021e+00
-5.678567919411420029e+00 -7.605098519935851620e+00
-5.214468263289774974e+00 -4.799953118763537141e+00
-9.376629802814093750e+00 -2.997226843238508298e+00
-5.318447094429766153e+00 -8.928298391697479630e+00
-1.082788439896821586e+01 -4.833926147207375124e+00
-6.065699095871061708e+00 -1.533769464805955884e+00
-2.346732606068119065e+00 3.561284227344442055e+00
-1.256068264157719661e+00 5.000068392080228463e+00
-5.839797448183741579e+00 -2.178361856135961006e+00
-6.870882107034244513e+00 -2.227162357797840997e+00
-1.796004649844552548e+00 4.287435681068351379e+00
-9.379726969732766761e+00 -4.137524873016950266e+00
-7.236059371477092661e+00 -4.547109919532198674e+00
-1.027944877271871427e+01 -1.896993024164911112e+00
-1.416890464866724875e+00 4.608320047717165302e+00
-5.780454121464203787e+00 -4.582979224413729291e+00
8.525185826796044530e-02 3.645282967948058506e+00
-9.202686409228256537e+00 -4.327786866206425387e+00
-9.568186363631136615e+00 -4.560346945563250820e+00
-1.164348581970559238e+00 4.231786709100660460e+00
-6.163458506063612674e+00 -3.108308017459318062e+00
-6.321525640143876856e+00 -9.662800788848088018e+00
-7.520999738806423807e+00 -9.133118356285844897e+00
-9.220293298404238058e+00 -4.072119719466293475e+00
-1.084916816018392893e+01 -2.952467123682903427e+00
-9.863664307098478190e+00 -2.751293685163498814e+00
-6.797152237582277934e+00 -3.458041360968012956e+00
-9.794900660704149997e-01 4.086688269944490415e+00
-2.060438097737446128e+00 5.230495487293569390e+00
-5.668391828142745226e+00 -7.950678467818668160e-01
-7.579691853557239956e-01 4.908984207745029416e+00
-1.042056946504387760e+01 -3.866884140838917183e+00
-7.124250086206237675e+00 -6.704238700465809053e+00
-1.378894828825880436e+00 4.333377165095884109e+00
-6.614664441619892976e+00 -7.525791021870934294e+00
-1.340520809891420972e+00 4.157119493365751595e+00
-6.211599997834005293e+00 -8.292939835065118004e+00
-7.568856132800056535e+00 -8.135272212973218231e+00
-1.770006932365835839e+00 3.789127805130800830e+00
-7.365858337613077289e+00 -7.345772187618774929e+00
-1.499522836500688960e+00 5.282658789959386425e+00
-2.858827938283705627e+00 5.269835186387183512e+00
-7.738849346027174114e+00 -3.243276652949573347e+00
-1.082017969255735323e+01 -3.231637255250511931e+00
-8.536820123190024034e+00 -3.360875745939184700e+00
-1.203491372933389592e+01 -5.895937728839660608e+00
-5.269109092135366268e+00 -2.735218243136415595e+00
-6.712996039785251057e+00 -2.903249838172489383e+00
-8.361186337903108168e+00 -2.726983818567997986e+00
-5.489414275085358064e+00 -6.946620206588477231e+00
5.311398230212138749e-01 2.510128945952069035e+00
-5.641267754308751492e+00 -7.249228930620517986e+00
-9.482638890013735278e+00 -6.735883015016127295e+00
-7.531037040483666622e+00 -6.768236760975406163e+00
-6.310785954173773860e+00 -2.051746477365136823e+00
-8.702331776666079932e+00 -4.194625400586081909e+00
-6.110130706597376005e+00 -2.310611280039478466e+00
-5.839726334384508277e+00 -9.206774178324359070e+00
-1.175363814388595252e+01 -3.238558949877389459e+00
-9.291994815507752747e+00 -9.852561709346341345e+00
-7.855682137432906664e+00 -6.929505892663935462e+00
-1.019671068745682518e+01 -2.086877172211079490e+00
-7.963565376976385224e+00 -7.833571162679451305e+00
-6.776804016652588025e+00 -6.655119921047011111e+00
-1.087499402257128978e+01 -4.821135770236129936e+00
-1.840480208026670006e+00 3.802569241049904125e+00
-7.980674032726417622e+00 -8.560480147644010884e+00
-6.320662458516349780e+00 -3.307518918106753691e+00
-6.179799662377421399e+00 -3.008034470516024683e+00
-2.176654363868747666e+00 3.409463041192898558e+00
-6.732247181272775771e-01 4.620023770178603328e+00
-8.938921711708720963e+00 -3.515214076772567253e+00
-7.489374974228666382e+00 -8.884759086354378610e+00
-2.896413282489916696e+00 5.282328796492461009e+00
-8.133992583634861440e-01 3.546973928011174948e+00
-5.777526673800605472e+00 -2.851452759799447900e+00
-6.248838499333677632e+00 -8.765635077752868654e+00
-3.103673711378108990e+00 3.902024005896710168e+00
-1.057240625652890564e+00 4.826772072490220999e+00
-5.732150477880265882e+00 -5.046954544738055048e+00
-9.936962307853594467e+00 -3.742223792355487966e+00
-3.032677226195275466e+00 4.721649260885453003e+00
-1.070355301105538537e+01 -2.760662479608511077e+00
-5.684756308285752624e+00 -3.768169242136278907e+00
-8.621823741522769424e+00 -8.765670232908389536e+00
-6.671772938803755437e+00 -9.977147957249238530e+00
-1.925778411952141500e+00 4.439104415536520243e+00
-8.162994877003415084e+00 -3.388965691868890850e+00
-3.743803427487374158e+00 -8.753453435001359750e+00
-5.666012113538473116e+00 -4.970196326305104328e+00
-2.889618041615481303e+00 4.957027364819376558e+00
-2.359958410869774426e+00 4.203095419878603245e+00
-6.804915572646633493e+00 -3.496025483150975610e+00
-7.104806758014255763e+00 -4.108305308544760948e+00
-6.966855391281070453e+00 -3.128763922329746983e+00
-6.313544948497254339e+00 -8.012832668176693929e+00
-4.471206790960085442e+00 -3.541310432423070420e+00
-1.539400953466890432e+00 5.023692978550580612e+00
-1.608752151172490485e+00 3.769494222273808148e+00
-1.019276984452900336e+01 -3.147955123131023214e+00
-2.802078103970659484e+00 4.057147146430284401e+00
2.450988023924616233e-01 5.517546567403666558e+00
-3.310281171772619935e+00 3.515934284680112931e+00
-2.841878032458152958e+00 3.740735350644035062e+00
-5.758676118522290110e+00 -8.757831073788420184e+00
-5.995910561456476273e+00 -8.112856673601205770e+00
-4.983606869595706534e+00 -3.205229607410708503e+00
-1.868454139323297625e+00 4.993113060025359040e+00
-9.715036791404681793e+00 -4.779445979210525053e+00
-6.473733222730478687e+00 -2.786825413732899825e+00
-6.992630284501854199e+00 -7.143440769676486113e+00
-1.537738634957082517e+00 5.535973776755080955e+00
-1.044645053632472376e+01 -4.625796586149800937e+00
-1.096798809329493363e+00 4.647226961080893837e+00
-7.252568773979549022e+00 -2.916828326971453667e+00
-1.974519689035454384e-01 2.346349159345507474e+00
-1.006704120034358496e+01 -4.061740614536744509e+00
-6.134685891141829828e+00 -4.507934236283531959e+00
-1.037251719095575453e+01 -4.703318164638870869e+00
-1.881888048558878701e+00 4.205731799913164259e+00
-7.154984836988162122e+00 -3.107785980686361249e+00
-6.142547993526798145e+00 -3.652022063256501028e+00
-7.427494271234997392e+00 -9.638384555949500054e+00
-1.130094581595810332e+00 4.544191078840547959e+00
-6.284855048319109017e+00 -8.782669708677824261e+00
-7.333253487778315538e+00 -8.284903730911063136e+00
-6.403201107191756059e+00 -7.166875924411980847e+00
-7.221875856151056539e+00 -9.488430827639236398e+00
-6.098342933428681611e+00 -7.440179054320775975e+00
-7.208077928664976319e+00 -7.120244325674294217e+00
-9.687440215869333571e+00 -6.047596363586016821e+00
-7.873729380129867117e+00 -7.595788651766011590e+00
-1.146630085530510712e+00 4.108397033740446069e+00
-5.903442201983344795e+00 -8.180757490892023753e+00
-2.760179083161440783e+00 5.551213578682775207e+00
-1.236065551884406588e+00 4.483829937191720738e+00
-9.975849667026549739e+00 -4.422022363641096021e+00
-2.106688470734517704e+00 5.630997573648659937e+00
-4.735588762791519635e+00 -4.237489688775990970e+00
-1.072330962278752864e+01 -4.821117224986794625e+00
-8.260743693982220748e+00 -5.647247819305372118e+00
-6.883843439299868194e+00 -7.046052653674982125e+00
-2.157773469579597592e+00 4.095504890540310861e+00
-7.859884436213619097e+00 -4.738882544283439913e+00
-4.606420260470125427e-01 4.591646286327105031e+00
-5.056854871645235505e+00 -5.029466423503937911e+00
-7.660550064568028894e+00 -8.462349423265907333e+00
-8.419239819175032835e+00 -3.458347884476478118e+00
-1.099473229918278427e+01 -4.060142534142429760e+00
-6.713765287146773453e+00 -8.221998567702684113e+00
-1.079725999434486106e+01 -4.244943142864037178e+00
-8.237463277204007284e+00 -4.014001039138014093e+00
-2.932118661194513809e+00 4.720037589306593340e+00
-1.661451388786523209e+00 3.009869444247729398e+00
-7.657343468811007803e+00 -1.045813604239418382e+01
-9.980547777279012323e+00 -4.382490825598297945e+00
-5.519403743255726802e+00 -2.387803337615800547e+00
-1.969676679466579650e+00 1.971652104736022704e+00
-3.884649810113070867e+00 -2.843362609949925179e+00
-5.829699062102010387e+00 -2.990673212917053458e+00
-6.667001758775887410e+00 -9.149238993712444312e+00
-6.628895987361328679e+00 -8.840715497684218604e+00
-6.489449614672604838e+00 -2.067537333040143643e+00
-7.171342305213278756e+00 -1.094422451131789131e+01
-1.130424657649711939e+01 -3.876968067203612645e+00
-9.536548403676084362e+00 -5.129331218804519921e+00
-6.098661321079397624e+00 -7.427311252103224071e+00
-8.789256175101138879e+00 -2.837646744578718128e+00
-7.323865037058270744e+00 -7.963934907065387314e+00
-1.003308042853181270e+01 -1.842743493762494911e+00
-1.036197729370486709e+00 3.971533185887933914e+00
-6.428298774243107694e+00 -6.743974715260036668e+00
-2.879304302927552239e+00 6.855858517904558802e+00
-1.052994652455127955e+01 -2.835215150645509219e+00
-6.114230780704071222e+00 -3.208935434767793637e+00
-1.782450131467167687e+00 3.470720434584092740e+00
-8.952718093979203928e+00 -3.344833848878355109e+00
-5.166179014456907304e+00 -3.791705862049213227e+00
-1.642150497648514840e+00 3.284471140096273167e+00
-8.335342960043218952e+00 -7.870232570813043615e+00
-6.311077061000284871e+00 -3.921180806827734067e+00
-1.780024477737026878e+00 3.173369133396734654e+00
-1.684176861824297822e+00 3.631328249674001807e+00
-1.055520722543914403e+01 -3.014179803166716631e+00
-5.343540093678463165e+00 -2.138976643927715138e+00
-1.153650574939774387e+01 -4.401243732079323401e+00
-4.895037580840365443e+00 -2.486334557899434916e+00
-5.443969898035991406e+00 -8.959412922006269042e+00
-1.581738778035813642e+00 5.024870130841685878e+00
-7.029938594293998477e+00 -6.699310523015227226e+00
-6.170742382737492981e+00 -2.560782037067208528e+00
-2.221865336967609572e+00 6.361367943852195950e+00
-7.573854461480600264e+00 -8.319714059510003423e+00
-7.658225937900157376e+00 -7.642920507878788960e+00
-6.895012928310166878e+00 -9.317236075785247706e+00
-1.111418252153784536e+01 -3.872421446389926025e+00
-7.941522766238410247e-01 2.104951171962878842e+00
-6.428031934213674248e+00 -5.521293971786157329e+00
-5.897807017657774153e+00 -8.192896804714527192e+00
-6.591696968974928517e+00 -2.447799592755538267e+00
-6.457857759408556220e+00 -3.309814360927380239e+00
-1.077557133028051339e+01 -2.837507439439035828e+00
-1.023414945546608834e+01 -3.225535047363555563e+00
-6.266818388358795566e+00 -8.255160143887644963e+00
-5.205809800827664091e+00 -3.298538394561598697e+00
-5.460452643297657005e+00 -2.308315529380670306e+00
-7.042599518471142517e+00 -3.453323508845682177e+00
-6.099628043228513263e+00 -3.142269151874200972e+00
-5.660069496619134277e+00 -3.437769650054597115e+00
-7.080973984400039001e+00 -3.039723766765941804e+00
-8.412647124911401875e+00 -6.682488247932676373e+00
-7.365134104901397194e+00 -1.388597312493518698e+00
-1.041665040133122488e+01 -4.432533462490610532e+00
-6.416238539567071797e+00 -8.045884810800455256e+00
-5.889193480102257183e+00 -2.370494723384701796e+00
-1.429465170584136136e+00 5.168501049155186600e+00
-6.561180687841756232e+00 -3.959673108791005980e+00
-1.472998514960235150e+00 4.816541516051417560e+00
-5.881008041197263836e+00 -3.316926149839500848e+00
-1.041255940494133725e+01 -3.501402510041981664e+00
-8.552093769106948073e+00 -3.158409998594173818e+00
-7.906737489426516330e-01 5.156901508708169324e+00
-1.007543653286602225e-01 4.515892565268589287e+00
-1.309013927284412127e+00 3.094206457605729987e+00
-9.547556990885922801e+00 -2.188013446844133014e+00
-5.320300105898894572e+00 -2.993038688028910155e+00
-9.482298701869860125e+00 -5.068219599729141933e+00
-6.743616269173907440e+00 -8.878443030369410849e+00
-1.025189237126046926e+01 -2.553504604882218754e+00
-1.965763918576891367e+00 5.234464511450407365e+00
-5.880367742434470024e+00 -2.363262900885485962e+00
-7.347745735292583014e+00 -8.419554988942765661e+00
-7.587039566841077276e-01 3.722762009668828309e+00
-8.413578630454981777e+00 -6.850692568137864313e+00
-8.205764920740146184e-01 5.337591950146718389e+00
-7.934890406848590594e+00 -7.784037635077170947e+00
-5.694465659843353400e+00 -4.062053044388284739e+00
-8.576988740771748221e-01 4.453057167267306937e+00
1.509750081769367647e-01 3.100762946285423816e+00
-6.553944409165649354e+00 -6.442566265952909710e+00
-1.093162715927960349e+01 -4.486368873446803462e+00
-6.501555964616166250e+00 -4.653293312950241400e+00
-6.936505193501794508e+00 -6.392812921048722785e+00
-1.013368982975369015e+01 -4.750618332856333836e+00
-9.891489779617883116e+00 -5.479028863592562359e+00
-8.898716170905922596e+00 -4.854983037839202709e+00
-8.113949928826354352e+00 -7.836569209467390884e+00
-5.290783535506341728e+00 -3.648466881057601530e+00
-1.410760744560749069e+00 4.109848716472298769e+00
-9.505375947716451890e+00 -4.634026688372090419e+00
-7.827494555623418115e+00 -2.510321038882802558e+00
-6.380880855475785651e+00 -8.506638087491058542e+00
-8.960149131134205192e+00 -8.063498987179393396e+00
-7.666038984307122384e+00 -7.597154594546659645e+00
-6.465344070108034025e+00 -2.855446332878922799e+00
